000 100 15 000
001 100 15 000
002 100 15 000
003 100 15 000
004 100 15 000
005 100 15 000
006 100 15 000
007 100 15 000
008 100 15 000
009 100 15 000
010 100 15 000
011 100 15 000
012 100 15 000
013 100 15 000
014 100 15 000
015 100 15 000
016 100 15 000
017 100 15 000
018 100 15 000
019 100 15 000
020 100 15 000
021 100 15 000
022 100 15 000
023 100 15 000
024 100 15 000
025 100 15 000
026 100 15 000
027 100 15 000
028 100 15 000
029 100 15 000
030 100 15 000
031 100 15 000
032 100 15 000
033 100 15 000
034 100 15 000
035 100 15 000
036 100 15 000
037 100 15 000
038 100 15 000
039 100 15 000
040 100 15 000
041 100 15 000
042 100 15 000
043 100 15 000
044 100 15 000
045 100 15 000
046 100 15 000
047 100 15 000
048 100 15 000
049 100 15 000
050 100 15 000
051 100 15 000
052 100 15 000
053 100 15 000
054 100 15 000
055 100 15 000
056 100 15 000
057 100 15 000
058 100 15 000
059 100 15 000
060 100 15 000
061 100 15 000
062 100 15 000
063 100 15 000
064 100 15 000
065 100 15 000
066 100 15 000
067 100 15 000
068 100 15 000
069 100 15 000
070 100 15 000
071 100 15 000
072 100 15 000
073 100 15 000
074 100 15 000
075 100 15 000
076 100 15 000
077 100 15 000
078 100 15 000
079 100 15 000
080 100 15 000
081 100 15 000
082 100 15 000
083 100 15 000
084 100 15 000
085 100 15 000
086 100 15 000
087 100 15 000
088 100 15 000
089 100 15 000
090 100 15 000
091 100 15 000
092 100 15 000
093 100 15 000
094 100 15 000
095 100 15 000
096 100 15 000
097 100 15 000
098 100 15 000
099 100 15 000
100 100 15 000
101 100 15 000
102 100 15 000
103 100 15 000
104 100 15 000
105 100 15 000
106 100 15 000
107 100 15 000
108 100 15 000
109 100 15 000
110 100 15 000
111 100 15 000
112 100 15 000
113 100 15 000
114 100 15 000
115 100 15 000
116 100 15 000
117 100 15 000
118 100 15 000
119 100 15 000
120 100 15 000
121 100 15 000
122 100 15 000
123 100 15 000
124 100 15 000
125 100 15 000
126 100 15 000
127 100 15 000
128 100 15 000
129 100 15 000
130 100 15 000
131 100 15 000
132 100 15 000
133 100 15 000
134 100 15 000
135 100 15 000
136 100 15 000
137 100 15 000
138 100 15 000
139 100 15 000
140 100 15 000
141 100 15 000
142 100 15 000
143 100 15 000
144 100 15 000
145 100 15 000
146 100 15 000
147 100 15 000
148 100 15 000
149 100 15 000
150 100 15 000
151 100 15 000
152 100 15 000
153 100 15 000
154 100 15 000
155 100 15 000
156 100 15 000
157 100 15 000
158 100 15 000
159 100 15 000
160 100 15 000
161 100 15 000
162 100 15 000
163 100 15 000
164 100 15 000
165 100 15 000
166 100 15 000
167 100 15 000
168 100 15 000
169 100 15 000
170 100 15 000
171 100 15 000
172 100 15 000
173 100 15 000
174 100 15 000
175 100 15 000
176 100 15 000
177 100 15 000
178 100 15 000
179 100 15 000